Run 1
-0.0325203 - [8.445409971800057, 9.91438949710619, 0.9410600496003171, 0.1824363574035064, 0.9681371233853004, 0.17527041423048295]
-0.105157 - [7.649169532774284, 10.045344575794472, 0.9842067995594204, 0.13898033373777338, 0.9893943051593425, 0.23936981359257015]
-0.211635 - [4.9492160459707435, 8.863658941028994, 0.9993386606903094, 0.10602690489718619, 0.9468996048497347, 0.9653667667814637]
-0.183 - [3.762943295531539, 7.5144687437162085, 0.9393033960950647, 0.11198910094410912, 0.9522339066269913, 0.2333666740200285]
-0.235471 - [3.0407495171601506, 11.461959553221417, 0.9815803308042372, 0.18518046553690792, 0.9904104006482584, 0.4464717338616701]

Run 2
-0.183183 - [1.4584212039705864, 14.221437407906247, 0.9496291046075123, 0.1490202242197955, 0.9885115730132753, 0.9998593346456586]
-0.204614 - [0.5936961700598075, 15.632845024242481, 0.9993165223418272, 0.24830470615380257, 0.9255349851882253, 0.9411249012336652]
-0.156156 - [1.3133370248737415, 12.789578610780005, 0.9872805704233488, 0.26065989061776396, 0.8391075844754342, 0.7778785253991531]
-0.227912 - [3.19887269145523, 13.29457285370043, 0.9804492690146442, 0.10162629126462197, 0.953872389284542, 0.6097112946784083]
-0.227455 - [3.2699307097334867, 11.684483775052144, 0.9998900458612278, 0.19870708953696992, 0.9938210967168332, 0.8961532948125106]

Run 3
-0.0621242 - [0.4519324019920581, 4.217041167217816, 0.9786748695442706, 0.875758998507355, 0.6332575670750339, 0.30356823493383633]
-0.180723 - [0.7388405469407648, 4.691150503738613, 0.9880976402467048, 0.1586346350453424, 0.761462754474163, 0.5181012714731961]
-0.235235 - [1.1210170742036194, 4.336562946865902, 0.9944664524947863, 0.14928133511909775, 0.9934673638657899, 0.9430945413246906]
-0.234234 - [0.5917746308619074, 4.949395406702526, 0.999830067929088, 0.1582543839088829, 0.9159658339770202, 0.8481093295325426]
-0.219219 - [0.5968239945022208, 3.053550211273475, 0.9999990876744794, 0.29951375678138265, 0.9562256912276031, 0.4273795838574481]

Run 4
-0.092 - [3.1942355181624005, 5.024077630405286, 0.8759562336335993, 0.14912111349381252, 0.9842796689783514, 0.4977728881909413]
-0.253012 - [1.3233332292878646, 5.35670120166055, 0.9985020390649906, 0.18542574826814928, 0.9816302356152855, 0.4126094204599806]
-0.230461 - [0.5899959977497835, 4.046624838260426, 0.9929022626954997, 0.20275911413286707, 0.9697858387446442, 0.8866303301438021]
-0.194 - [0.3054692465246287, 4.101774041656406, 0.999550398617287, 0.12214582143501757, 0.9282647456481636, 0.9884225458464826]
-0.238238 - [0.3680601876813273, 2.504370840941699, 0.9937402459891562, 0.1675801094570577, 0.9220561832433292, 0.9538721588470039]

Run 5
-0.215431 - [2.194766549982431, 9.076728434755612, 0.9996103919220476, 0.2630368995496289, 0.9682679544160677, 0.35199625985752925]
-0.239 - [0.6949311542457592, 4.447328982514195, 0.9994326940451234, 0.2564075583495407, 0.9995060414003155, 0.9358273602036727]
-0.19799 - [1.464587816732864, 3.223622383320355, 0.9999903247636132, 0.12799790313675558, 0.9523428196456543, 0.28692449212738247]
-0.210421 - [0.9748159706909463, 4.8328117487156605, 0.9941329255777395, 0.296580092402469, 0.9629915970439983, 0.7787226370969347]
-0.215431 - [0.47700454760452815, 5.484018653915489, 0.9874197387298721, 0.20004750800059595, 0.9527672746002094, 0.597960385589825]


Final results:
-0.235471 - [3.0407495171601506, 11.461959553221417, 0.9815803308042372, 0.18518046553690792, 0.9904104006482584, 0.4464717338616701]
-0.227455 - [3.2699307097334867, 11.684483775052144, 0.9998900458612278, 0.19870708953696992, 0.9938210967168332, 0.8961532948125106]
-0.219219 - [0.5968239945022208, 3.053550211273475, 0.9999990876744794, 0.29951375678138265, 0.9562256912276031, 0.4273795838574481]
-0.238238 - [0.3680601876813273, 2.504370840941699, 0.9937402459891562, 0.1675801094570577, 0.9220561832433292, 0.9538721588470039]
-0.215431 - [0.47700454760452815, 5.484018653915489, 0.9874197387298721, 0.20004750800059595, 0.9527672746002094, 0.597960385589825]
